speaker	rating_judge_1	rating_judge_2	rating_judge_3	rating_judge_4	speaker_number	NIVEAU	notes_lecteurs
L1_002_sent08	3	3	3	3	2	L1	17
L1_003_sent08	2	2	2	2	3	L1	13
L1_004_sent08	1	2	1	1	4	L1	13.5
L1_006_sent08	2	3	4	4	6	L1	10
L1_007_sent08	4	3	4	5	7	L1	15
L1_008_sent08	1	3	2	3	8	L1	16
L1_009_sent08	2	2	3	2	9	L1	13
L1_011_sent08	3	3	3	4	11	L1	14
L1_012_sent08	3	4	3	4	12	L1	13.5
L1_013_sent08	1	3	1	1	13	L1	14
L1_015_sent08	5	5	5	5	15	L1	15.5
L1_016_sent08	1	3	3	2	16	L1	14
L1_017_sent08	5	4	4	4	17	L1	17
L1_018_sent08	2	2	3	3	18	L1	15.5
L1_019_sent08	3	4	3	4	19	L1	16.5
L1_023_sent08	1	1	2	3	23	L1	12
L1_025_sent08	1	1	1	1	25	L1	0
L1_027_sent08	3	4	4	4	27	L1	18.5
L1_028_sent08	2	2	3	3	28	L1	17
L1_029_sent08	1	3	4	3	29	L1	16.5
L1_031_sent08	3	4	4	5	31	L1	14.5
L1_034_sent08	2	3	3	3	34	L1	12.5
L1_035_sent08	1	4	3	3	35	L1	15
L1_036_sent08	1	4	3	4	36	L1	16
L1_037_sent08	1	1	3	3	37	L1	16
L1_038_sent08	1	2	2	3	38	L1	13
L1_039_sent08	2	3	4	4	39	L1	14
L1_040_sent08	3	3	4	3	40	L1	14.5
L1_043_sent08	2	2	3	3	43	L1	14.5
L1_044_sent08	2	4	3	4	44	L1	16
L1_046_sent08	1	1	2	2	46	L1	13
L1_047_sent08	1	2	2	1	47	L1	14.5
L1_048_sent08	2	1	3	3	48	L1	16.5
L1_049_sent08	2	4	4	3	49	L1	18
L1_050_sent08	3	4	3	3	50	L1	16
L1_051_sent08	1	2	2	3	51	L1	15.5
L1_052_sent08	1	1	2	2	52	L1	12
L1_053_sent08	3	4	4	3	53	L1	17
L1_057_sent08	3	4	4	4	57	L1	13
L1_059_sent08	1	2	3	2	59	L1	17
L1_060_sent08	2	2	3	2	60	L1	16.5
L1_061_sent08	4	4	3	3	61	L1	17.5
L1_062_sent08	2	3	2	3	62	L1	15.5
L1_063_sent08	1	1	1	2	63	L1	12.5
L1_064_sent08	5	5	5	5	64	L1	0
L1_065_sent08	1	2	2	2	65	L1	12
L1_067_sent08	3	3	4	4	67	L1	16
L1_068_sent08	2	3	3	2	68	L1	15
L1_069_sent08	3	3	4	4	69	L1	17
L1_070_sent08	3	2	3	4	70	L1	11
L1_073_sent08	1	2	3	2	73	L1	12
L1_074_sent08	1	3	3	2	74	L1	14.5
L1_077_sent08	1	2	2	2	77	L1	15
L1_078_sent08	1	1	3	3	78	L1	14.5
L1_079_sent08	2	1	2	2	79	L1	13.5
L1_083_sent08	2	3	3	3	83	L1	15
L1_086_sent08	3	4	4	3	86	L1	16.5
L1_087_sent08	1	2	2	2	87	L1	16
L1_088_sent08	1	1	3	2	88	L1	11
L1_089_sent08	2	3	3	3	89	L1	0
L1_090_sent08	1	1	2	3	90	L1	16
L1_091_sent08	1	2	3	1	91	L1	14
L1_093_sent08	2	1	3	3	93	L1	16.5
L1_094_sent08	3	4	4	4	94	L1	13
L1_095_sent08	4	4	4	5	95	L1	16
L1_096_sent08	1	1	2	2	96	L1	14.5
L1_097_sent08	1	2	3	2	97	L1	16
L1_098_sent08	1	2	3	2	98	L1	12.5
L1_099_sent08	3	4	3	3	99	L1	14
L1_100_sent08	4	4	5	5	100	L1	16
L1_101_sent08	2	3	4	4	101	L1	15.5
L1_103_sent08	1	1	1	2	103	L1	14
L1_104_sent08	2	3	2	3	104	L1	17
L1_106_sent08	2	2	3	2	106	L1	13
L1_107_sent08	2	1	3	2	107	L1	14
L1_108_sent08	2	2	3	4	108	L1	16
L1_109_sent08	1	2	2	2	109	L1	14.5
L1_110_sent08	2	1	2	2	110	L1	14
L1_111_sent08	2	4	3	3	111	L1	17
L1_113_sent08	4	4	4	4	113	L1	15.5
L1_114_sent08	1	1	2	2	114	L1	15
L1_116_sent08	3	4	4	3	116	L1	14
L1_120_sent08	1	2	3	3	120	L1	11
L1_121_sent08	2	4	4	3	121	L1	15.5
L1_122_sent08	2	2	3	2	122	L1	15
L1_123_sent08	1	1	1	2	123	L1	10
L1_124_sent08	1	2	3	2	124	L1	12
L1_125_sent08	3	4	4	4	125	L1	15
L1_127_sent08	4	3	5	5	127	L1	16.5
L1_128_sent08	4	4	4	4	128	L1	15
L1_131_sent08	2	2	3	3	131	L1	14.5
L1_132_sent08	5	4	5	5	132	L1	17
L1_134_sent08	2	3	2	4	134	L1	15.5
L1_135_sent08	4	4	5	5	135	L1	16
L1_136_sent08	2	3	5	4	136	L1	18
L1_137_sent08	1	2	3	3	137	L1	13
L1_139_sent08	1	1	2	2	139	L1	13.5
L1_140_sent08	2	3	3	4	140	L1	16.5
L1_143_sent08	3	3	3	3	143	L1	16
L1_144_sent08	1	1	2	2	144	L1	13.5
L1_146_sent08	1	1	2	2	146	L1	14
L1_148_sent08	2	1	3	2	148	L1	18.5
L1_149_sent08	1	1	2	2	149	L1	13.5
L1_151_sent08	5	5	5	5	151	L1	17
L1_152_sent08	4	4	4	5	152	L1	16.5
L1_153_sent08	1	1	1	2	153	L1	13.5
L1_154_sent08	3	2	4	3	154	L1	17.5
L1_155_sent08	2	1	3	2	155	L1	16
L1_156_sent08	3	3	3	3	156	L1	0
L1_157_sent08	2	3	3	2	157	L1	13
L1_158_sent08	4	4	5	5	158	L1	16.5
L1_159_sent08	2	3	3	2	159	L1	15
L1_160_sent08	3	2	2	2	160	L1	16
L1_161_sent08	1	1	1	1	161	L1	12
L1_164_sent08	5	5	5	4	164	L1	16.5
L1_165_sent08	2	2	2	2	165	L1	13.5
L1_166_sent08	2	3	4	3	166	L1	14
L1_167_sent08	4	2	3	4	167	L1	16.5
L1_168_sent08	1	1	1	2	168	L1	0
L1_169_sent08	2	3	4	3	169	L1	14
L1_170_sent08	2	3	3	2	170	L1	14.5
L1_171_sent08	3	3	4	4	171	L1	13
L1_172_sent08	4	2	4	3	172	L1	16
L1_173_sent08	1	1	2	1	173	L1	13
L1_174_sent08	4	2	4	4	174	L1	16
L1_175_sent08	4	3	3	2	175	L1	16
L1_177_sent08	4	4	5	3	177	L1	19
L1_178_sent08	3	3	5	4	178	L1	17
L1_180_sent08	1	2	2	2	180	L1	15
L1_182_sent08	3	3	4	5	182	L1	16
L1_183_sent08	3	3	4	5	183	L1	13
L1_185_sent08	2	3	3	2	185	L1	14.5
L1_186_sent08	1	1	2	2	186	L1	15
L1_188_sent08	1	1	1	1	188	L1	13.5
L1_189_sent08	2	3	4	4	189	L1	16
L1_191_sent08	2	2	2	3	191	L1	14
L1_192_sent08	4	5	5	5	192	L1	17
L2_204_sent08	2	2	3	2	204	L2	14.5
L2_205_sent08	3	4	5	4	205	L2	16
L2_206_sent08	4	3	4	4	206	L2	15.5
L2_207_sent08	1	1	1	1	207	L2	12
L2_208_sent08	1	1	2	2	208	L2	0
L2_209_sent08	3	3	3	4	209	L2	16.5
L2_210_sent08	1	1	3	2	210	L2	13.5
L2_211_sent08	3	3	3	2	211	L2	15
L2_212_sent08	1	3	2	2	212	L2	16
L2_213_sent08	4	5	4	5	213	L2	18.5
L2_214_sent08	3	3	4	3	214	L2	16
L2_215_sent08	1	2	3	1	215	L2	15.5
L2_216_sent08	3	1	3	4	216	L2	14.5
L2_217_sent08	1	1	2	2	217	L2	12
L2_218_sent08	4	4	5	5	218	L2	17.5
L2_219_sent08	4	2	3	4	219	L2	14.5
L2_220_sent08	4	3	5	5	220	L2	15.5
L2_221_sent08	3	2	3	3	221	L2	16
L2_222_sent08	2	2	2	2	222	L2	12
L2_223_sent08	1	1	2	2	223	L2	14
L2_224_sent08	3	2	3	2	224	L2	14
L2_225_sent08	2	2	3	2	225	L2	12
L2_226_sent08	2	3	3	3	226	L2	16
L2_227_sent08	1	1	2	2	227	L2	14.5
L2_228_sent08	4	3	5	4	228	L2	17
L2_229_sent08	5	5	5	5	229	L2	15.5
L2_230_sent08	4	3	5	4	230	L2	19.5
L2_231_sent08	1	2	2	1	231	L2	13.5
L2_232_sent08	2	2	2	3	232	L2	15
L2_233_sent08	2	2	3	3	233	L2	13
L2_234_sent08	2	2	1	1	234	L2	14
L2_235_sent08	1	3	3	2	235	L2	15.5
L2_236_sent08	3	2	4	3	236	L2	15
L2_237_sent08	4	4	4	3	237	L2	15
L2_238_sent08	1	2	2	1	238	L2	14.5
L2_239_sent08	1	2	2	2	239	L2	15
L2_240_sent08	1	3	3	3	240	L2	14
L2_241_sent08	3	4	4	4	241	L2	17.5
L2_242_sent08	2	4	3	4	242	L2	14.5
L2_243_sent08	2	2	3	2	243	L2	15
L2_244_sent08	1	3	3	2	244	L2	13
L2_245_sent08	2	4	4	4	245	L2	18
L2_246_sent08	3	3	3	4	246	L2	13
L2_247_sent08	1	1	1	2	247	L2	13
L2_248_sent08	3	3	2	3	248	L2	14.5
L2_249_sent08	3	2	3	3	249	L2	15.5
L2_250_sent08	3	2	3	2	250	L2	14
L2_251_sent08	2	1	2	3	251	L2	16.5
L2_252_sent08	4	2	4	4	252	L2	18
L2_253_sent08	3	2	2	3	253	L2	12
L2_254_sent08	2	4	4	4	254	L2	14.5
L2_255_sent08	2	1	2	2	255	L2	14.5
L2_256_sent08	4	5	4	4	256	L2	17
L2_257_sent08	3	2	3	4	257	L2	17
L2_258_sent08	3	2	3	3	258	L2	16.5
L2_259_sent08	1	1	1	1	259	L2	12
L2_260_sent08	2	2	3	3	260	L2	14.5
L2_261_sent08	3	4	4	3	261	L2	16
L2_262_sent08	4	3	4	3	262	L2	17.5
L2_264_sent08	2	2	3	4	264	L2	15
L2_265_sent08	1	1	1	1	265	L2	13.5
L2_266_sent08	5	2	3	5	266	L2	18.5
L2_267_sent08	3	4	4	4	267	L2	10
L2_268_sent08	2	1	2	3	268	L2	14
L2_269_sent08	3	3	3	2	269	L2	16
L2_270_sent08	2	2	4	4	270	L2	15.5
L2_271_sent08	2	2	2	2	271	L2	14
L2_272_sent08	5	4	3	4	272	L2	14
L2_273_sent08	3	4	4	4	273	L2	17.5
L2_274_sent08	1	2	2	2	274	L2	14.5
L2_275_sent08	2	2	3	3	275	L2	13.5
L2_276_sent08	1	2	3	2	276	L2	14
L2_277_sent08	2	3	3	3	277	L2	15
L2_278_sent08	1	4	4	4	278	L2	14
L2_279_sent08	2	2	2	2	279	L2	12
L2_280_sent08	1	1	3	2	280	L2	13
L2_281_sent08	1	1	2	1	281	L2	14
L2_282_sent08	1	1	2	2	282	L2	12
L2_283_sent08	1	2	3	3	283	L2	15
L2_284_sent08	1	2	3	2	284	L2	15.5
L2_285_sent08	1	1	2	2	285	L2	12
L2_286_sent08	2	3	3	4	286	L2	12
L2_287_sent08	3	4	4	5	287	L2	12
L2_289_sent08	1	2	3	3	289	L2	12.5
L2_290_sent08	1	1	2	2	290	L2	13
L2_291_sent08	2	3	3	4	291	L2	16
L2_292_sent08	2	1	3	2	292	L2	14
L2_293_sent08	3	3	4	4	293	L2	17
L2_294_sent08	1	1	1	1	294	L2	13
L2_295_sent08	2	2	4	3	295	L2	16
L2_296_sent08	1	1	2	2	296	L2	13.5
L2_297_sent08	1	1	2	2	297	L2	14
L2_298_sent08	3	3	4	3	298	L2	17
L2_299_sent08	4	4	3	4	299	L2	16
L2_300_sent08	4	3	3	4	300	L2	15
L2_301_sent08	2	2	3	4	301	L2	14
L2_302_sent08	1	2	3	2	302	L2	14
L2_303_sent08	1	1	2	1	303	L2	13
L2_304_sent08	1	1	1	1	304	L2	14
L2_305_sent08	2	4	3	2	305	L2	13
L2_306_sent08	3	4	3	4	306	L2	15
L2_307_sent08	4	3	3	5	307	L2	15
L2_308_sent08	4	4	4	3	308	L2	16
L2_309_sent08	4	4	3	3	309	L2	17
L2_310_sent08	2	2	3	3	310	L2	17.5
L2_311_sent08	1	1	2	2	311	L2	16
L2_312_sent08	3	2	3	2	312	L2	14
L2_313_sent08	4	4	4	5	313	L2	16
L2_314_sent08	2	1	2	2	314	L2	15.5
L2_315_sent08	2	2	2	2	315	L2	12
L2_316_sent08	2	3	3	3	316	L2	12
L2_317_sent08	3	2	3	3	317	L2	15
L2_320_sent08	2	1	2	1	320	L2	17
L2_321_sent08	1	2	2	2	321	L2	19
L2_322_sent08	1	1	2	4	322	L2	19
L2_323_sent08	3	4	4	3	323	L2	18
L2_324_sent08	2	2	3	3	324	L2	15
L2_325_sent08	3	2	4	3	325	L2	16.5
L2_326_sent08	2	1	2	2	326	L2	15
L2_327_sent08	1	1	2	2	327	L2	13.5
L2_329_sent08	4	4	4	3	329	L2	15
L2_330_sent08	1	3	2	2	330	L2	14
L2_332_sent08	1	1	2	1	332	L2	14.5
L2_333_sent08	1	1	1	1	333	L2	12
L2_334_sent08	3	2	4	5	334	L2	14.5
L2_337_sent08	2	3	4	2	337	L2	13
L2_338_sent08	1	1	1	2	338	L2	14
L2_339_sent08	2	2	3	3	339	L2	15
L2_340_sent08	3	4	4	4	340	L2	13
L2_341_sent08	3	2	4	4	341	L2	12.5
L2_342_sent08	2	4	4	4	342	L2	15
L2_343_sent08	1	2	3	2	343	L2	12
L2_345_sent08	2	2	4	3	345	L2	16.5
L3_193_sent08	4	4	4	3	193	L3	19
L3_194_sent08	3	4	3	3	194	L3	14.5
L3_195_sent08	1	2	2	2	195	L3	12.5
L3_196_sent08	1	2	4	2	196	L3	12
L3_197_sent08	4	2	4	3	197	L3	13.5
L3_198_sent08	1	1	2	1	198	L3	14
L3_199_sent08	1	1	2	2	199	L3	15.5
L3_200_sent08	2	2	3	3	200	L3	15.5
L3_201_sent08	1	3	2	2	201	L3	13.5
L3_202_sent08	2	2	3	2	202	L3	12
L3_203_sent08	3	2	4	3	203	L3	16